// making music with code/Strudel.cc: 
// Weird Fishes/Arpeggi (by Radiohead)

setcpm(153/4);

$drums: sound("<[bd bd] ~ bd ~> [sd [~ sd]] ~ [sd [~ sd]]").bank("RolandTR505").gain(0.3).room(0.1);
$hihat: sound("hh*8").bank("RolandTR505").gain(0.1);


$bass:note(`< 
  [[28 28] 33 38 40]
  [40]
  [40]
  [40]
  
  [30]
  [30]
  [30]
  [30]
  
  [33]
  [33]
  [33]
  [33]
  
  [31 30 28 40]
  [40]
  [40]
  [40]
    >`).sound("gm_acoustic_bass").gain(0.7);


$guitar1:note(`< 
  [62 55 52 62 55 52 62 55] 
  [52 62 55 52 62 55 52 62] 
  [55 52 62 55 52 62 55 52] 
  [62 55 52 62 55 52 64 57]
  
  [54 64 57 54 64 57 54 64] 
  [57 54 64 57 54 64 57 54] 
  [64 57 54 64 57 54 64 57] 
  [54 64 57 54 64 57 54 69]
  
  [61 57 69 61 57 69 61 57]
  [69 61 57 69 61 57 69 61]
  [57 69 61 57 69 61 57 69]
  [61 57 69 61 57 69 61 57]
  
  [66 59 55 66 59 55 66 59]
  [55 66 59 55 66 59 55 66]
  [59 55 66 59 55 66 59 55]
  [66 59 55 66 59 55 66 59]
    >`).sound("gm_electric_guitar_muted:27").room(.6).pan(0.8)


$guitar2:note(`< 
  [64 62 64 62 59 64 62 64]
  [62 59 64 62 64 62 59 64]
  [62 64 62 59 64 62 64 64]
  
  [61 64 64 64 64 61 64 64]
  [64 64 61 64 64 64 64 61]
  [64 64 64 64 61 64 64 64]
  [64 61 64 64 64 64 61 64]
  
  [69 64 69 64 64 69 64 69]
  [64 64 69 64 69 64 64 69]
  [64 69 64 64 69 64 69 64]
  [64 69 64 69 64 64 69 64]
  [69 64 64 69 64 69 64 71]

  [67 71 67 62 64 67 64 67]
  [62 71 67 71 67 62 64 67]
  [64 67 62 71 67 71 67 62]
  [64 67 64 67 62 64 62 64]
    >`).sound("gm_electric_guitar_muted:37").room(.6).pan(0.2)


